                            OLS Regression Results                            
==============================================================================
Dep. Variable:          debt(million)   R-squared:                       0.984
Model:                            OLS   Adj. R-squared:                  0.977
Method:                 Least Squares   F-statistic:                     145.9
Date:                Wed, 13 Oct 2021   Prob (F-statistic):           4.82e-71
Time:                        21:03:15   Log-Likelihood:                -1456.5
No. Observations:                 138   AIC:                             2995.
Df Residuals:                      97   BIC:                             3115.
Df Model:                          40                                         
Covariance Type:            nonrobust                                         
===================================================================================
                      coef    std err          t      P>|t|      [0.025      0.975]
-----------------------------------------------------------------------------------
const           -1759.0825   5945.667     -0.296      0.768   -1.36e+04       1e+04
unem            -1.403e+04   1.09e+04     -1.286      0.202   -3.57e+04    7626.067
elecyr            622.6644   4864.222      0.128      0.898   -9031.469    1.03e+04
cpi              1999.5995    769.386      2.599      0.011     472.581    3526.618
population         -0.0105      0.036     -0.293      0.770      -0.082       0.061
socialwalfare       1.3744      1.272      1.080      0.283      -1.151       3.899
socialwalfarepp  -1.97e+06   3.38e+06     -0.583      0.561   -8.68e+06    4.74e+06
unanimous        1.618e+04   7145.472      2.264      0.026    1994.708    3.04e+04
revenue             0.7126      0.300      2.376      0.019       0.117       1.308
revenuepp       -2.622e+06   7.83e+05     -3.347      0.001   -4.18e+06   -1.07e+06
lowincomehh      2011.6503   6100.779      0.330      0.742   -1.01e+04    1.41e+04
expect           3817.4055   2717.144      1.405      0.163   -1575.374    9210.185
party           -8216.2286   5410.590     -1.519      0.132    -1.9e+04    2522.296
relation         -1.08e+04   3092.581     -3.492      0.001   -1.69e+04   -4659.987
dpp              1.633e+04   5864.264      2.784      0.006    4689.096     2.8e+04
kmt             -5814.9870   4953.739     -1.174      0.243   -1.56e+04    4016.813
y67             -5.788e-08   8.12e-08     -0.713      0.478   -2.19e-07    1.03e-07
y68              7.075e-08    1.6e-07      0.442      0.660   -2.47e-07    3.89e-07
y69             -6.319e-09   1.73e-08     -0.365      0.716   -4.07e-08    2.81e-08
y70              5.952e-08   5.62e-08      1.058      0.293   -5.21e-08    1.71e-07
y71             -8.132e-09   7.96e-09     -1.022      0.310   -2.39e-08    7.67e-09
y72             -1.952e-08   5.36e-09     -3.642      0.000   -3.02e-08   -8.88e-09
y73              -2.66e-08   5.46e-08     -0.487      0.627   -1.35e-07    8.18e-08
y74              2.178e-08   2.44e-08      0.894      0.373   -2.66e-08    7.01e-08
y75             -2.874e-08   2.94e-08     -0.976      0.331   -8.72e-08    2.97e-08
y76              4.095e-08    8.1e-08      0.505      0.614    -1.2e-07    2.02e-07
y77             -7.728e-09   1.41e-08     -0.548      0.585   -3.57e-08    2.02e-08
y78             -7.268e-09   3.69e-08     -0.197      0.844   -8.06e-08    6.61e-08
y79              5.993e-08   9.73e-08      0.616      0.539   -1.33e-07    2.53e-07
y80             -4.122e-08   5.29e-08     -0.780      0.438   -1.46e-07    6.37e-08
y81             -2.736e-08   4.27e-08     -0.641      0.523   -1.12e-07    5.73e-08
y82              4.767e-08   6.78e-08      0.703      0.484    -8.7e-08    1.82e-07
y83              1.296e-08   2.99e-08      0.433      0.666   -4.64e-08    7.23e-08
y84             -1.398e-08   3.71e-08     -0.377      0.707   -8.76e-08    5.97e-08
y85              1.063e-08   2.64e-08      0.404      0.687   -4.17e-08    6.29e-08
y86             -2.327e-08   4.45e-08     -0.523      0.602   -1.12e-07     6.5e-08
y87             -6.833e-09    1.7e-08     -0.402      0.688   -4.05e-08    2.69e-08
y88              1.178e-08   2.63e-08      0.448      0.655   -4.05e-08     6.4e-08
y89             -1.321e+04   1.89e+04     -0.700      0.486   -5.06e+04    2.42e+04
y90              -1.11e+04   1.04e+04     -1.064      0.290   -3.18e+04    9609.205
y91              6063.4536   1.69e+04      0.359      0.720   -2.74e+04    3.95e+04
y92              9021.0178   1.41e+04      0.641      0.523   -1.89e+04     3.7e+04
y93              8205.1411   7311.140      1.122      0.265   -6305.447    2.27e+04
y94             -1501.2801   5939.591     -0.253      0.801   -1.33e+04    1.03e+04
y95             -1.027e+04   5856.869     -1.754      0.083   -2.19e+04    1349.284
y96             -1.813e+04   6010.122     -3.017      0.003   -3.01e+04   -6201.239
y97             -6507.0904   5039.602     -1.291      0.200   -1.65e+04    3495.125
y98              1.958e+04    1.8e+04      1.086      0.280   -1.62e+04    5.54e+04
y99              8251.0653    1.1e+04      0.750      0.455   -1.36e+04    3.01e+04
y100             1607.8801   4929.275      0.326      0.745   -8175.367    1.14e+04
y101            -1786.4977   5277.621     -0.339      0.736   -1.23e+04    8688.119
y102             2125.2618   5401.698      0.393      0.695   -8595.614    1.28e+04
y103            -2072.1291   7894.144     -0.262      0.794   -1.77e+04    1.36e+04
y104            -4004.6001   8552.973     -0.468      0.641    -2.1e+04     1.3e+04
y105             6882.8694   8383.986      0.821      0.414   -9757.022    2.35e+04
y106             2854.5497   9971.100      0.286      0.775   -1.69e+04    2.26e+04
y107             2234.6485   1.18e+04      0.190      0.850   -2.11e+04    2.56e+04
y108                     0          0        nan        nan           0           0
chc             -5.966e+04    1.6e+04     -3.725      0.000   -9.14e+04   -2.79e+04
tw                       0          0        nan        nan           0           0
hcc             -2.443e+04   4.39e+04     -0.557      0.579   -1.12e+05    6.27e+04
tpe              1.122e+05    2.2e+04      5.104      0.000    6.86e+04    1.56e+05
ntpc            -3.224e+04   6.73e+04     -0.479      0.633   -1.66e+05    1.01e+05
tao             -5.325e+04   1.07e+04     -4.977      0.000   -7.45e+04    -3.2e+04
tcc             -6534.2688   2.81e+04     -0.233      0.816   -6.22e+04    4.92e+04
tnn             -2.881e+04   7277.095     -3.959      0.000   -4.32e+04   -1.44e+04
kao              1.207e+05   2.83e+04      4.264      0.000    6.45e+04    1.77e+05
kee             -1.543e+04   4.54e+04     -0.340      0.735   -1.06e+05    7.47e+04
yil             -1.432e+04   4.35e+04     -0.329      0.743   -1.01e+05     7.2e+04
==============================================================================
Omnibus:                        7.466   Durbin-Watson:                   0.800
Prob(Omnibus):                  0.024   Jarque-Bera (JB):               10.142
Skew:                          -0.286   Prob(JB):                      0.00628
Kurtosis:                       4.199   Cond. No.                     6.49e+16
==============================================================================

Notes:
[1] Standard Errors assume that the covariance matrix of the errors is correctly specified.
[2] The smallest eigenvalue is 1.45e-19. This might indicate that there are
strong multicollinearity problems or that the design matrix is singular.