                            OLS Regression Results                            
==============================================================================
Dep. Variable:                 debtpp   R-squared:                       0.966
Model:                            OLS   Adj. R-squared:                  0.954
Method:                 Least Squares   F-statistic:                     74.96
Date:                Wed, 13 Oct 2021   Prob (F-statistic):           6.67e-58
Time:                        21:56:06   Log-Likelihood:                 557.25
No. Observations:                 138   AIC:                            -1036.
Df Residuals:                      99   BIC:                            -922.3
Df Model:                          38                                         
Covariance Type:            nonrobust                                         
===================================================================================
                      coef    std err          t      P>|t|      [0.025      0.975]
-----------------------------------------------------------------------------------
const               0.0001      0.003      0.051      0.959      -0.005       0.005
unem               -0.0114      0.005     -2.314      0.023      -0.021      -0.002
elecyr              0.0001      0.002      0.047      0.962      -0.004       0.004
cpi                 0.0010      0.000      4.129      0.000       0.001       0.002
population       -1.05e-08   1.26e-08     -0.831      0.408   -3.56e-08    1.46e-08
socialwalfarepp     0.7500      0.472      1.589      0.115      -0.186       1.686
unanimous           0.0082      0.003      2.547      0.012       0.002       0.015
revenuepp          -0.2023      0.218     -0.929      0.355      -0.634       0.230
lowincomehh         0.0022      0.003      0.816      0.417      -0.003       0.007
expect              0.0025      0.001      1.989      0.049    5.68e-06       0.005
party              -0.0013      0.002     -0.513      0.609      -0.006       0.004
relation           -0.0048      0.001     -3.449      0.001      -0.008      -0.002
dpp                 0.0068      0.002      2.862      0.005       0.002       0.011
kmt                -0.0026      0.002     -1.171      0.244      -0.007       0.002
y67              1.192e-14   7.71e-15      1.545      0.125   -3.38e-15    2.72e-14
y68              -1.17e-15   1.15e-15     -1.014      0.313   -3.46e-15    1.12e-15
y69              8.904e-15   5.29e-15      1.682      0.096    -1.6e-15    1.94e-14
y70              6.645e-16   1.25e-15      0.530      0.597   -1.82e-15    3.15e-15
y71              4.826e-15   2.77e-15      1.745      0.084   -6.61e-16    1.03e-14
y72              5.693e-15   3.53e-15      1.613      0.110   -1.31e-15    1.27e-14
y73              1.098e-15   6.55e-16      1.676      0.097   -2.02e-16     2.4e-15
y74             -6.738e-15   4.51e-15     -1.494      0.138   -1.57e-14    2.21e-15
y75              4.565e-15   3.19e-15      1.432      0.155   -1.76e-15    1.09e-14
y76              8.832e-16   7.14e-16      1.237      0.219   -5.34e-16     2.3e-15
y77              2.224e-15   1.81e-15      1.227      0.223   -1.37e-15    5.82e-15
y78             -1.215e-14   7.39e-15     -1.644      0.103   -2.68e-14    2.52e-15
y79              2.844e-15    1.8e-15      1.581      0.117   -7.26e-16    6.41e-15
y80              3.251e-15   1.87e-15      1.737      0.086   -4.64e-16    6.97e-15
y81              8.294e-16    4.8e-16      1.727      0.087   -1.23e-16    1.78e-15
y82              3.685e-15   2.58e-15      1.426      0.157   -1.44e-15    8.81e-15
y83               3.71e-15   3.01e-15      1.233      0.220   -2.26e-15    9.68e-15
y84               2.31e-16   3.02e-16      0.766      0.446   -3.67e-16    8.29e-16
y85              3.622e-15    2.5e-15      1.447      0.151   -1.34e-15    8.59e-15
y86             -4.239e-17   1.26e-16     -0.337      0.737   -2.92e-16    2.08e-16
y87             -8.835e-16   5.98e-16     -1.477      0.143   -2.07e-15    3.03e-16
y88             -1.113e-15   3.85e-15     -0.289      0.773   -8.75e-15    6.53e-15
y89                -0.0314      0.009     -3.675      0.000      -0.048      -0.014
y90                -0.0073      0.005     -1.558      0.122      -0.017       0.002
y91                 0.0096      0.008      1.269      0.207      -0.005       0.025
y92                 0.0104      0.006      1.650      0.102      -0.002       0.023
y93                 0.0059      0.003      1.842      0.068      -0.000       0.012
y94                 0.0021      0.003      0.772      0.442      -0.003       0.007
y95                -0.0025      0.003     -0.955      0.342      -0.008       0.003
y96                -0.0048      0.003     -1.759      0.082      -0.010       0.001
y97                 0.0006      0.002      0.257      0.798      -0.004       0.005
y98                 0.0196      0.008      2.433      0.017       0.004       0.036
y99                 0.0129      0.005      2.613      0.010       0.003       0.023
y100                0.0037      0.002      1.665      0.099      -0.001       0.008
y101                0.0005      0.002      0.189      0.850      -0.004       0.005
y102                0.0013      0.002      0.516      0.607      -0.004       0.006
y103               -0.0018      0.004     -0.496      0.621      -0.009       0.005
y104               -0.0061      0.004     -1.639      0.104      -0.014       0.001
y105               -0.0023      0.004     -0.642      0.522      -0.010       0.005
y106               -0.0046      0.004     -1.073      0.286      -0.013       0.004
y107               -0.0054      0.005     -1.056      0.293      -0.016       0.005
y108                     0          0        nan        nan           0           0
chc                -0.0285      0.006     -4.994      0.000      -0.040      -0.017
tw                       0          0        nan        nan           0           0
hcc                -0.0187      0.018     -1.058      0.293      -0.054       0.016
tpe                 0.0457      0.008      5.570      0.000       0.029       0.062
ntpc                0.0073      0.027      0.270      0.788      -0.046       0.061
tao                -0.0167      0.005     -3.434      0.001      -0.026      -0.007
tcc                 0.0060      0.012      0.512      0.610      -0.017       0.029
tnn                -0.0109      0.003     -3.296      0.001      -0.017      -0.004
kao                 0.0491      0.012      4.243      0.000       0.026       0.072
kee                -0.0289      0.019     -1.518      0.132      -0.067       0.009
yil                -0.0043      0.018     -0.241      0.810      -0.040       0.031
==============================================================================
Omnibus:                        1.015   Durbin-Watson:                   0.700
Prob(Omnibus):                  0.602   Jarque-Bera (JB):                0.813
Skew:                          -0.187   Prob(JB):                        0.666
Kurtosis:                       3.039   Cond. No.                     9.80e+16
==============================================================================

Notes:
[1] Standard Errors assume that the covariance matrix of the errors is correctly specified.
[2] The smallest eigenvalue is 6.35e-20. This might indicate that there are
strong multicollinearity problems or that the design matrix is singular.